197.19 -0.06   0.00 0.00   0.00 0.00   0 0   0 0   100070
197.19 -0.37   0.06 0.02   0.00 0.00   0 0   1 0   100151
197.19 -0.13   0.00 -0.04   0.00 0.00   0 0   0 0   100226
197.12 0.81   0.05 0.06   0.00 0.00   0 -2   2 2   99998
197.31 2.62   -0.19 -0.01   0.00 0.00   0 1   -7 0   99992
197.25 -0.37   0.10 -0.05   0.00 0.00   -1 -3   1 3   99900
197.19 -0.13   0.12 -0.10   0.00 0.00   6 -2   -1 5   100004
197.31 0.31   -0.09 -0.01   0.00 0.00   -2 -5   -1 5   99877
197.25 -0.37   0.15 -0.10   0.00 0.00   1 0   -2 0   99915
197.25 -0.37   0.09 -0.06   0.00 0.00   2 0   -1 0   100022
197.31 1.12   -0.22 0.43   0.00 0.00   2 -2   -3 4   99846
197.31 -0.75   0.03 -0.02   0.00 0.00   1 -1   0 2   99988
197.25 -0.88   0.02 -0.01   0.00 0.00   2 -2   -2 2   99975
197.19 -1.56   0.13 0.03   0.00 0.00   4 -2   0 4   99969
197.06 -1.37   -0.02 -0.09   0.00 0.00   12 -8   1 9   99817
196.75 -2.56   0.17 0.05   0.00 0.00   16 -18   3 21   100004
196.44 -2.87   -0.22 0.12   0.00 0.00   21 -38   12 40   99879
196.12 -2.56   0.23 -0.01   0.00 0.00   17 -36   11 39   100028
196.25 3.19   0.06 0.07   0.00 0.00   23 -27   -14 33   99854
196.62 2.75   0.12 -0.03   0.00 0.00   31 -20   -44 28   99914
197.25 10.00   0.04 0.18   0.00 0.00   41 -21   -66 31   99978
197.81 2.00   -0.41 -0.19   0.00 0.00   55 -37   -82 60   100019
197.75 1.00   0.02 -0.17   0.00 0.00   52 -42   -40 55   99860
197.75 -0.94   0.58 0.02   0.00 0.00   24 -48   -9 51   100013
197.81 1.81   0.04 0.19   0.00 0.00   68 -79   -43 97   99878
198.12 3.37   0.06 -0.25   0.00 0.00   81 -68   -63 75   99937
197.87 -9.31   0.10 -0.25   0.00 0.00   111 -106   -62 139   99973
196.56 -12.69   0.19 0.06   0.00 0.00   163 -182   -23 219   99881
195.94 -0.94   0.70 0.38   0.00 0.00   183 -194   -74 231   99978
196.25 5.81   -0.60 0.34   0.00 0.00   217 -204   -174 261   99959
197.31 14.94   -0.09 0.02   0.00 0.00   199 -156   -223 221   100045
198.56 9.69   -0.37 -0.24   0.00 0.00   168 -102   -212 164   99917
198.69 -7.50   0.02 -0.18   0.00 0.00   156 -112   -142 161   99853
197.81 -7.19   -0.26 0.17   0.00 0.00   110 -122   -21 148   99846
197.19 -5.44   -0.04 0.38   0.00 0.00   48 -81   7 89   100006
196.69 2.50   0.67 0.34   0.00 0.00   55 -60   -11 76   99865
197.31 6.81   -0.09 0.75   0.00 0.00   74 -63   -86 89   100021
197.94 5.00   0.13 -0.64   0.00 0.00   160 -53   -183 103   99948
198.44 10.44   -0.36 0.05   0.00 0.00   163 -102   -174 155   99976
199.12 2.50   -0.32 -0.22   0.00 0.00   126 -88   -143 135   99915
199.12 -1.94   0.29 0.12   0.00 0.00   54 -56   -34 76   99998
199.00 -5.62   -0.01 0.22   0.00 0.00   50 -71   -11 75   99896
198.50 -0.94   0.19 -0.08   0.00 0.00   72 -69   -16 87   99957
198.50 -1.62   0.38 -0.17   0.00 0.00   57 -69   -27 82   99900
198.31 0.69   0.13 0.01   0.00 0.00   83 -88   -46 105   99897
198.50 2.69   0.07 0.25   0.00 0.00   98 -69   -86 95   99974
199.00 8.56   -0.14 0.22   0.00 0.00   94 -67   -100 94   99997
199.25 -0.37   0.74 -0.11   0.00 0.00   123 -96   -111 134   99972
199.37 -2.31   0.72 -0.18   0.00 0.00   166 -134   -145 204   99998
199.37 -5.31   -0.64 0.15   0.00 0.00   193 -173   -145 231   99794
198.62 -5.31   0.45 -0.30   0.00 0.00   164 -144   -87 201   99902
197.69 -19.75   0.15 -0.17   0.00 0.00   157 -173   -49 205   100001
196.31 -6.12   -0.43 0.20   0.00 0.00   123 -109   -2 135   99983
196.31 11.56   0.47 -0.02   0.00 0.00   74 -104   -35 129   99886
197.19 0.94   -0.18 0.31   0.00 0.00   113 -156   -125 191   99879
197.50 8.56   -0.12 -0.07   0.00 0.00   173 -142   -152 197   99977
197.87 -1.00   -0.68 0.20   0.00 0.00   160 -161   -136 212   99998
197.25 -4.94   0.34 -0.23   0.00 0.00   166 -146   -81 182   99994
197.62 5.50   0.58 0.26   0.00 0.00   141 -170   -106 216   100005
198.25 2.19   0.00 0.03   0.00 0.00   191 -196   -180 258   99998
198.50 -0.31   -0.39 -0.08   0.00 0.00   199 -177   -157 221   99996
198.44 -2.25   -1.05 0.02   0.00 0.00   134 -130   -91 164   100006
197.56 -11.63   -0.12 0.02   0.00 0.00   71 -83   -6 106   100002
197.19 0.37   -0.19 0.09   0.00 0.00   65 -109   -1 134   100125
196.94 -4.00   -1.23 0.39   0.00 0.00   63 -103   -27 114   100057
196.50 -1.87   -0.48 0.34   0.00 0.00   46 -53   -2 57   100098
196.62 3.25   0.01 0.23   0.00 0.00   14 -22   -6 24   99721
196.81 3.25   0.26 -0.07   0.00 0.00   16 -10   -28 15   100260
197.06 0.75   0.35 0.00   0.00 0.00   23 -11   -33 14   100728
197.44 5.50   0.13 0.02   0.00 0.00   30 -16   -43 26   99009
197.62 1.75   0.23 -0.18   0.00 0.00   48 -25   -54 42   100861
197.44 -3.00   1.03 -0.19   0.00 0.00   68 -61   -43 84   100315
197.31 -0.75   0.11 -0.05   0.00 0.00   98 -107   -63 139   98824
197.75 6.56   0.36 0.24   0.00 0.00   79 -98   -73 127   101065
198.56 10.50   -0.03 0.04   0.00 0.00   104 -69   -135 112   99093
199.25 2.06   -0.14 -0.05   0.00 0.00   110 -69   -144 110   100082
199.06 -5.87   -0.24 -0.09   0.00 0.00   112 -77   -86 117   100285
198.69 -3.44   -0.27 -0.16   0.00 0.00   103 -112   -47 141   100115
198.50 1.37   0.09 0.25   0.00 0.00   106 -135   -46 161   100546
198.37 -4.62   -0.31 0.18   0.00 0.00   120 -131   -78 165   100738
198.44 4.37   0.50 0.27   0.00 0.00   129 -106   -85 140   100063
198.94 4.25   -0.29 0.08   0.00 0.00   137 -115   -130 156   100520
198.87 -3.37   -0.55 -0.22   0.00 0.00   141 -118   -111 168   99839
197.87 -12.63   0.51 -0.08   0.00 0.00   117 -131   -26 156   99947
197.37 -1.44   -0.11 0.37   0.00 0.00   85 -139   -6 158   100459
197.06 -3.75   0.10 -0.02   0.00 0.00   67 -85   -20 98   100334
196.87 -1.50   0.19 0.14   0.00 0.00   51 -58   -14 65   98737
196.62 0.44   0.40 -0.03   0.00 0.00   78 -67   -32 80   101215
196.87 0.50   0.19 -0.07   0.00 0.00   55 -84   -44 97   100025
196.87 3.81   0.64 0.28   0.00 0.00   67 -90   -47 113   100051
197.37 8.56   0.42 -0.12   0.00 0.00   96 -110   -87 144   100268
198.37 7.37   -0.61 0.36   0.00 0.00   113 -128   -136 172   99969
198.62 1.50   0.27 -0.03   0.00 0.00   106 -89   -104 125   99898
198.81 3.31   0.32 -0.04   0.00 0.00   115 -113   -87 141   99943
199.06 2.94   -0.82 0.00   0.00 0.00   134 -151   -99 176   99848
198.81 -4.62   -0.28 -0.03   0.00 0.00   101 -123   -59 153   100007
198.25 -5.25   -0.17 0.09   0.00 0.00   76 -99   -16 122   99960
197.69 -4.31   0.24 0.03   0.00 0.00   54 -83   0 95   99940
197.50 -0.62   0.06 0.06   0.00 0.00   29 -69   5 73   99896
197.87 5.87   0.54 0.09   0.00 0.00   10 -60   -18 64   100057
198.44 0.75   0.18 0.06   0.00 0.00   51 -73   -60 89   99908
198.50 0.00   -0.24 0.10   0.00 0.00   105 -95   -69 117   99991
198.19 -8.06   0.63 -0.13   0.00 0.00   122 -137   -67 172   99850
197.87 1.37   0.05 0.04   0.00 0.00   134 -157   -65 180   99978
198.37 5.75   -0.44 0.32   0.00 0.00   101 -132   -86 159   99935
198.87 6.81   0.04 0.05   0.00 0.00   126 -118   -123 154   99906
199.69 9.13   -0.08 0.12   0.00 0.00   154 -133   -168 183   99980
200.62 5.19   0.04 -0.21   0.00 0.00   186 -143   -194 187   99900
200.87 -0.13   -0.20 0.22   0.00 0.00   227 -187   -180 243   100000
201.00 6.25   -0.22 0.18   0.00 0.00   214 -195   -152 250   99940
201.12 -0.56   -0.40 -0.06   0.00 0.00   166 -163   -128 200   99987
200.94 -7.31   0.13 0.02   0.00 0.00   87 -90   -55 112   99952
200.12 -8.06   0.87 0.03   0.00 0.00   78 -86   -6 112   100003
200.19 0.06   -0.21 0.21   0.00 0.00   73 -115   -39 133   99886
199.87 -4.12   0.49 -0.38   0.00 0.00   111 -94   -55 108   99989
199.56 -6.37   -0.09 -0.08   0.00 0.00   150 -155   -74 174   99842
198.87 -4.56   0.29 -0.11   0.00 0.00   132 -164   -46 179   100040
198.62 -3.94   0.24 0.00   0.00 0.00   104 -154   -45 176   99851
198.69 7.69   0.85 -0.15   0.00 0.00   136 -140   -86 168   100024
200.19 16.87   -1.48 0.28   0.00 0.00   132 -127   -176 171   99893
201.56 17.31   -1.09 0.31   0.00 0.00   185 -127   -225 187   100093
202.25 -1.44   -0.54 -0.11   0.00 0.00   154 -138   -154 171   99921
200.87 -14.69   -0.46 -0.21   0.00 0.00   157 -160   -35 192   99823
199.62 -10.38   -0.20 0.28   0.00 0.00   90 -178   37 187   99996
199.06 -1.19   0.25 0.11   0.00 0.00   59 -121   7 132   99899
199.12 1.31   -0.16 -0.04   0.00 0.00   59 -101   -39 122   99975
198.62 -10.19   0.05 -0.07   0.00 0.00   113 -140   -46 174   99916
198.25 3.12   0.48 0.04   0.00 0.00   135 -164   -55 179   99948
198.75 1.75   0.27 0.01   0.00 0.00   120 -144   -97 174   99948
199.12 7.94   -0.34 0.34   0.00 0.00   136 -129   -116 165   100013
199.75 6.81   -0.24 -0.04   0.00 0.00   124 -125   -128 162   99926
200.19 4.94   0.10 -0.06   0.00 0.00   135 -132   -124 172   99977
200.75 9.69   -0.51 0.22   0.00 0.00   136 -168   -118 190   99851
201.75 3.19   0.24 -0.14   0.00 0.00   103 -143   -133 182   99993
201.31 -12.13   -0.22 -0.48   0.00 0.00   166 -148   -99 184   100011
200.19 -10.44   0.79 0.21   0.00 0.00   131 -166   -10 192   99902
199.75 0.69   0.42 -0.01   0.00 0.00   52 -105   3 126   99972
200.69 4.00   -0.39 0.85   0.00 0.00   37 -87   -56 101   99893
201.00 3.06   -0.15 -0.29   0.00 0.00   118 -95   -109 132   99995
201.19 2.81   0.38 -0.08   0.00 0.00   124 -126   -106 167   99965
202.19 18.25   0.26 0.45   0.00 0.00   206 -196   -201 247   100026
203.81 14.94   -0.59 -0.23   0.00 0.00   244 -205   -279 268   99773
204.37 -1.87   -0.23 -0.09   0.00 0.00   254 -215   -225 264   99991
204.12 -2.06   -0.56 0.15   0.00 0.00   212 -208   -138 261   99907
203.00 -13.88   -0.04 -0.27   0.00 0.00   145 -164   -26 187   99999
201.94 -7.81   0.10 0.42   0.00 0.00   83 -138   20 143   99910
201.81 -0.13   0.40 0.28   0.00 0.00   43 -74   -15 84   99979
201.56 -3.37   0.13 -0.36   0.00 0.00   84 -71   -54 94   99887
201.25 -3.75   -0.68 0.44   0.00 0.00   99 -114   -39 133   99888
200.62 -5.69   0.75 0.28   0.00 0.00   99 -127   -29 146   99887
200.19 -2.69   -0.02 0.11   0.00 0.00   147 -155   -69 182   99981
199.94 -2.94   0.00 0.24   0.00 0.00   167 -180   -91 213   99998
200.19 12.00   -0.14 0.15   0.00 0.00   124 -157   -86 182   100002
200.50 -3.75   0.30 -0.04   0.00 0.00   95 -118   -88 152   100001
200.44 5.44   -0.70 0.25   0.00 0.00   193 -198   -112 241   100002
200.69 9.38   -0.63 -0.20   0.00 0.00   160 -163   -126 203   99997
201.56 -0.56   -0.87 0.27   0.00 0.00   31 -98   -46 106   100000
201.00 -3.81   0.51 0.04   0.00 0.00   35 -51   7 54   100000
200.81 -4.00   0.76 -0.17   0.00 0.00   49 -72   -6 79   100000
199.94 -9.06   0.03 0.35   0.00 0.00   122 -148   -24 171   100001
199.12 -6.06   0.62 -0.05   0.00 0.00   155 -172   -49 216   100000
199.50 9.94   0.15 0.52   0.00 0.00   148 -180   -92 204   99999
200.00 5.69   0.42 0.05   0.00 0.00   176 -189   -154 230   100000
201.06 9.81   0.67 -0.15   0.00 0.00   204 -166   -205 218   99994
201.87 3.56   0.19 -0.52   0.00 0.00   240 -201   -239 276   100006
201.62 -6.31   -0.46 -0.03   0.00 0.00   255 -260   -159 312   100001
201.37 -3.56   0.00 0.09   0.00 0.00   181 -191   -91 221   99997
200.81 -2.62   0.62 -0.21   0.00 0.00   166 -152   -76 204   100002
200.62 -2.50   0.02 0.09   0.00 0.00   164 -182   -90 216   100001
200.50 -3.00   -0.12 0.08   0.00 0.00   157 -158   -90 178   100000
200.94 5.75   -0.68 0.48   0.00 0.00   106 -108   -91 146   100000
200.69 -7.87   0.30 -0.26   0.00 0.00   94 -88   -57 113   99999
199.75 -10.25   0.38 0.28   0.00 0.00   135 -158   -23 184   100001
199.37 2.00   -0.05 0.35   0.00 0.00   129 -152   -49 184   99990
200.62 13.75   0.08 0.23   0.00 0.00   75 -120   -106 142   100003
201.00 -2.56   0.37 0.02   0.00 0.00   95 -123   -99 152   100007
201.19 0.25   0.37 -0.24   0.00 0.00   108 -102   -78 127   100000
200.75 -6.81   -0.45 -0.06   0.00 0.00   156 -152   -80 188   99999
199.94 -9.19   -0.19 0.34   0.00 0.00   124 -161   -21 183   100000
199.62 2.56   0.06 0.08   0.00 0.00   43 -87   13 90   99998
200.06 2.81   0.17 0.18   0.00 0.00   6 -56   -15 56   100003
200.25 -0.06   0.35 0.00   0.00 0.00   26 -48   -23 56   99997
200.00 -1.81   0.60 0.11   0.00 0.00   81 -94   -31 113   100004
200.12 4.56   0.29 0.03   0.00 0.00   123 -136   -89 165   100000
201.31 18.62   -0.59 0.34   0.00 0.00   101 -126   -133 160   99995
202.06 -1.12   0.18 -0.38   0.00 0.00   119 -126   -146 165   100003
202.06 3.69   0.48 0.10   0.00 0.00   150 -175   -80 192   100001
202.00 -3.12   -0.39 -0.04   0.00 0.00   151 -180   -94 219   100001
201.44 -6.25   0.27 0.03   0.00 0.00   196 -184   -88 215   100000
201.31 0.31   -0.29 0.16   0.00 0.00   166 -176   -85 197   100987
201.62 8.88   0.02 -0.18   0.00 0.00   105 -119   -90 150   99019
202.50 1.12   0.04 0.01   0.00 0.00   38 -88   -74 115   99993
202.44 -0.69   -0.13 0.06   0.00 0.00   95 -104   -53 125   100902
202.00 -7.12   -0.25 -0.10   0.00 0.00   99 -111   -36 129   99097
201.12 -8.13   -0.17 -0.06   0.00 0.00   94 -112   -8 128   100001
200.69 4.62   0.31 0.27   0.00 0.00   78 -137   -22 147   100004
201.81 14.69   -0.13 0.57   0.00 0.00   74 -123   -109 147   99995
202.62 3.81   0.43 -0.08   0.00 0.00   104 -94   -125 125   100001
203.31 6.87   -0.08 0.13   0.00 0.00   107 -94   -123 141   99999
203.87 11.44   -0.85 -0.14   0.00 0.00   148 -122   -146 171   99994
204.37 -2.00   0.13 0.01   0.00 0.00   95 -104   -96 127   100006
203.87 -6.75   -0.77 0.25   0.00 0.00   109 -121   -44 157   100000
203.06 -8.13   -0.16 0.10   0.00 0.00   97 -134   -8 150   99994
202.69 1.56   -0.17 0.11   0.00 0.00   65 -120   -9 138   100006
202.94 5.06   0.15 -0.04   0.00 0.00   18 -101   -7 111   100000
203.87 10.94   -0.21 0.26   0.00 0.00   12 -101   -28 102   99994
204.12 -5.44   0.28 -0.09   0.00 0.00   64 -108   -52 122   100007
203.06 -11.06   0.41 -0.03   0.00 0.00   146 -112   -36 139   99999
202.87 9.56   0.77 -0.13   0.00 0.00   106 -120   -53 145   100001
204.06 5.00   -0.12 0.27   0.00 0.00   87 -133   -122 161   99999
203.44 -10.31   -0.21 -0.33   0.00 0.00   172 -107   -96 147   99997
203.06 -3.69   0.31 0.08   0.00 0.00   153 -123   -80 171   100003
202.62 -6.56   0.32 -0.03   0.00 0.00   153 -159   -75 190   100000
202.19 0.06   0.32 0.19   0.00 0.00   169 -168   -76 196   99998
202.94 16.12   -0.10 -0.05   0.00 0.00   179 -156   -180 212   100003
204.81 19.50   -0.54 0.26   0.00 0.00   190 -131   -262 187   100000
206.00 2.87   -1.39 -0.25   0.00 0.00   142 -55   -203 102   101599
205.87 -2.69   -0.01 0.05   0.00 0.00   26 -10   -18 14   98633
205.50 -4.69   -0.01 -0.19   0.00 0.00   20 -31   6 33   99979
204.56 -11.63   0.04 0.13   0.00 0.00   51 -46   13 55   99997
203.87 -3.50   -0.19 -0.05   0.00 0.00   56 -30   4 39   100003
203.50 -3.75   -0.07 -0.01   0.00 0.00   22 -19   4 23   100028
202.94 -8.25   -0.10 -0.01   0.00 0.00   33 -44   16 50   100017
202.25 -4.31   -0.17 0.22   0.00 0.00   44 -64   25 61   99916
201.75 -2.37   -0.22 0.06   0.00 0.00   31 -41   14 47   99985
201.62 -0.25   0.05 0.13   0.00 0.00   11 -20   6 23   100999
201.75 0.44   -0.19 0.05   0.00 0.00   4 -24   -3 25   99933
201.69 -2.37   -0.19 -0.01   0.00 0.00   22 -33   -9 37   99147
201.50 -1.31   -0.41 -0.02   0.00 0.00   33 -35   -9 40   99993
201.19 -3.12   -0.02 0.03   0.00 0.00   19 -13   0 17   99983
200.94 -1.94   -0.08 -0.21   0.00 0.00   26 0   -4 8   99996
200.87 0.00   0.03 0.03   0.00 0.00   5 -3   1 5   100680
200.94 -0.06   0.07 0.11   0.00 0.00   -2 0   0 -1   99958
200.94 0.25   -0.02 0.07   0.00 0.00   -2 2   2 -3   99882
200.94 0.00   -0.03 -0.08   0.00 0.00   -1 3   0 -3   100007
200.94 0.75   -0.07 0.13   0.00 0.00   -3 0   0 0   99907
201.00 0.94   -0.35 0.00   0.00 0.00   -6 8   -1 -7   99966
201.00 -0.13   0.01 0.02   0.00 0.00   0 1   -1 -1   100007
201.00 0.06   -0.01 -0.02   0.00 0.00   0 0   0 0   99987
201.00 -0.06   -0.02 0.03   0.00 0.00   0 0   0 0   99773
201.00 -0.13   0.00 0.02   0.00 0.00   0 0   0 0   100000
201.00 -0.44   -0.04 0.12   0.00 0.00   0 0   0 0   99997
201.00 -0.06   0.04 -0.10   0.00 0.00   0 1   0 -2   99905
201.00 -0.75   -0.03 0.11   0.00 0.00   0 0   0 0   99951
201.00 -0.25   0.10 0.08   0.00 0.00   -1 1   0 -2   99986
200.94 -3.06   0.14 0.12   0.00 0.00   3 -3   2 4   99786
200.94 -0.94   0.14 0.02   0.00 0.00   4 -6   1 6   100003
200.87 -0.37   -0.01 0.11   0.00 0.00   3 -1   1 3   99996
200.81 -2.75   -0.03 0.05   0.00 0.00   7 0   0 1   99994
200.56 -4.37   0.07 0.11   0.00 0.00   18 3   -3 -1   100006
200.06 -3.12   -0.12 -0.27   0.00 0.00   34 15   -8 -10   100000
199.31 -10.31   0.27 -0.13   0.00 0.00   15 24   15 -26   99994
198.81 1.25   -0.03 0.09   0.00 0.00   15 26   19 -26   100009
198.81 -0.81   -0.09 0.18   0.00 0.00   1 -1   3 2   99997
198.37 -3.56   0.28 -0.22   0.00 0.00   13 5   10 -2   100007
198.00 -2.62   0.14 -0.13   0.00 0.00   19 -5   9 9   99994
198.19 3.06   0.02 -0.04   0.00 0.00   -3 -28   8 28   99994
198.19 -1.69   0.11 -0.17   0.00 0.00   -13 -18   13 15   100006
198.12 -1.94   -0.20 -0.05   0.00 0.00   7 -13   5 15   100002
198.06 0.75   -0.03 -0.01   0.00 0.00   3 -4   2 5   99998
198.19 2.12   0.26 -0.13   0.00 0.00   -4 10   -3 -11   99993
198.25 0.25   0.05 -0.02   0.00 0.00   -1 3   -3 -4   100006
198.25 0.06   0.03 -0.01   0.00 0.00   0 0   0 0   100000
