0.9850732088088989
0.9865872859954834
0.9628751873970032
0.9570003747940063
0.973726749420166
0.9503794312477112
0.9546589851379395
0.958989143371582
0.9685972929000854
0.9651541709899902
0.9549853801727295
0.9606278538703918
0.9669147729873657
0.9671136140823364
0.9655675888061523
0.9705305695533752
0.9710699915885925
0.9588286876678467
0.9535780549049377
0.9557685256004333
0.9584846496582031
0.9172484874725342
0.933882474899292
0.9526733160018921
0.9450312852859497
0.9343416094779968
0.9314860105514526
0.961569607257843
0.9444146156311035
0.9649801254272461
0.9713864326477051
0.9545195698738098
0.9547581672668457
0.87809157371521
0.9489303827285767
0.9547441005706787
0.9575809836387634
0.9561611413955688
0.9642133712768555
0.9522384405136108
0.9598719477653503
0.9252033233642578
0.9348767995834351
0.9526737332344055
0.9308195114135742
0.9544816613197327
0.936937689781189
0.9421253800392151
0.9359070062637329
0.94297194480896
0.8762531280517578
0.9490382075309753
0.9443296790122986
0.9554756879806519
0.968892514705658
0.8872600793838501
0.9217594265937805
0.9285002946853638
0.9624021053314209
0.9551693797111511
0.9601032733917236
0.9341787099838257
0.9441157579421997
0.8938905000686646
0.9145217537879944
0.9630268812179565
0.9386986494064331
0.9379614591598511
0.8487120866775513
0.954054594039917
0.952263355255127
0.9449261426925659
0.9647116661071777
0.9565920829772949
0.9490167498588562
0.9229331016540527
0.9584088921546936
0.947686493396759
0.9600175023078918
0.9520274996757507
0.9721155166625977
0.9356276392936707
0.9299839735031128
0.8983947038650513
0.8635497689247131
0.9208081960678101
0.9013478755950928
0.9541900157928467
0.9170586466789246
0.9480141401290894
0.9032293558120728
0.9488915801048279
0.9020017385482788
0.916311502456665
0.9500083923339844
0.9327425956726074
0.9464828968048096
0.9341787099838257
0.9614205360412598
0.9302155375480652
0.955139696598053
0.9303265810012817
0.9182623624801636
0.9332141280174255
0.9112322330474854
0.9416179656982422
0.943004310131073
0.9611650705337524
0.9450491070747375
0.967170000076294
0.9358548521995544
0.8956748247146606
0.9539691805839539
0.9123897552490234
0.9430891275405884
0.9336199760437012
0.909633994102478
0.9069066047668457
0.9521888494491577
0.9174336194992065
0.944237470626831
0.9305703639984131
0.9513583183288574
0.9480934143066406
0.9578983783721924
0.9561789631843567
0.9508258104324341
0.9494078755378723
0.9290555119514465
0.9621256589889526
0.9509538412094116
0.9460458755493164
0.9344810843467712
0.8979003429412842
0.922386646270752
0.9345011711120605
0.9509683847427368
0.9530148506164551
0.9492720365524292
0.9397373199462891
0.9554392099380493
0.9403501749038696
0.9516769647598267
0.9495157599449158
0.9461147785186768
0.9533640146255493
0.9430902004241943
0.9590170383453369
0.9516403079032898
0.9584680199623108
0.9180234670639038
0.9505707025527954
0.9540624618530273
0.9537183046340942
0.9446202516555786
0.9440558552742004
0.9521334171295166
0.9431521892547607
0.96006178855896
0.9560487270355225
0.9510244727134705
0.9507380723953247